规模       串行算法   Cache优化  SSE版本    分片SSE    原总时长
128        0.0048693  0.003406   0.0013527  0.0017839  0.22824
256        0.036231   0.026706   0.010967   0.014913   1.7763
384        0.14481    0.089751   0.037904   0.048109   6.4115
512        0.35675    0.21077    0.089256   0.11446    15.425
640        0.70395    0.41193    0.17434    0.21892    30.183
768        1.2349     0.71085    0.30167    0.37679    52.484
896        1.9695     1.1264     0.48341    0.59922    83.572
1024       3.0247     1.703      0.72876    0.91188    127.37
1152       4.3703     2.4123     1.032      1.291      182.11
1280       5.9216     3.3096     1.4166     1.7537     248.03
1408       8.2346     4.407      1.9078     2.3384     337.75
1536       10.768     5.7161     2.454      3.0274     439.3
1664       14.062     7.2944     3.1507     3.8502     567.14
1792       18.216     9.0616     3.9114     4.809      719.95
1920       22.972     11.128     4.8082     5.9056     896.28
2048       29.09      13.52      5.9265     7.301      1116.8

规模       8          16         32         64         128        256        原总时长
256        0.02324    0.018885   0.016528   0.01438    0.013116   0.012156   1.9661
512        0.17512    0.1476     0.12929    0.11532    0.1032     0.096961   15.35
1024       1.4232     1.1335     1.008      0.90565    0.80742    0.76584    120.87
2048       11.167     9.0373     8.0007     7.1883     6.3729     6.1047     957.43
测试结束请按任意键继续. . .

消元
规模       串行       SSE        AVX        SSE提升    AVX提升
128        0.00090132 0.00051805 0.00035426 42.52%     60.70%
256        0.0067122  0.00356    0.0023007  46.96%     65.72%
384        0.022329   0.011666   0.0074384  47.75%     66.69%
512        0.053538   0.027224   0.016887   49.15%     68.46%
640        0.10356    0.052955   0.031761   48.87%     69.33%
768        0.17696    0.090325   0.053273   48.96%     69.89%
896        0.29068    0.15304    0.085795   47.35%     70.48%
1024       0.41998    0.21286    0.12535    49.32%     70.15%
1152       0.6086     0.30755    0.17867    49.47%     70.64%
1280       0.8104     0.41528    0.24381    48.76%     69.92%
1408       1.0829     0.54887    0.32414    49.31%     70.07%
1536       1.3889     0.71473    0.42482    48.54%     69.41%
1664       1.7663     0.90808    0.53711    48.59%     69.59%
1792       2.2013     1.1359     0.66206    48.40%     69.92%
1920       2.7379     1.4053     0.79985    48.67%     70.79%
2048       3.3123     1.7057     0.98427    48.50%     70.28%

回代
规模       串行       SSE        AVX        SSE提升    AVX提升
128        1.342e-05  8.455e-06  7.535e-06  37.00%     43.85%
256        5.3465e-05 2.7515e-05 1.8025e-05 48.54%     66.29%
384        0.00011585 6.007e-05  3.738e-05  48.15%     67.73%
512        0.00020731 0.00010638 7.0435e-05 48.69%     66.02%
640        0.00033101 0.00016279 0.00010063 50.82%     69.60%
768        0.00048211 0.0002437  0.00014686 49.45%     69.54%
896        0.00068078 0.00036837 0.00020004 45.89%     70.62%
1024       0.00091793 0.00042354 0.00027189 53.86%     70.38%
1152       0.0011207  0.00056306 0.00035602 49.76%     68.23%
1280       0.0013821  0.00067372 0.00045305 51.25%     67.22%
1408       0.0016435  0.0008153  0.0005207  50.39%     68.32%
1536       0.0019164  0.00098083 0.00062612 48.82%     67.33%
1664       0.0022452  0.0011041  0.00071857 50.82%     68.00%
1792       0.0026348  0.001353   0.00084048 48.65%     68.10%
1920       0.0029958  0.0015121  0.00094368 49.53%     68.50%
2048       0.0034716  0.0017002  0.0011096  51.03%     68.04%

消元
规模       串行       SSE        AVX        SSE提升    AVX提升
8          3.3e-07    2.85e-07   3.6e-07    13.64%     -9.09%
16         2.345e-06  1.465e-06  1.345e-06  37.53%     42.64%
32         1.559e-05  8.685e-06  6.965e-06  44.29%     55.32%
64         0.00012908 6.0495e-05 5.121e-05  53.13%     60.33%
128        0.00086668 0.00045924 0.00030627 47.01%     64.66%
256        0.0067958  0.0035197  0.0022033  48.21%     67.58%
512        0.053039   0.026652   0.016527   49.75%     68.84%
1024       0.41893    0.2136     0.13572    49.01%     67.60%

回代
规模       串行       SSE        AVX        SSE提升    AVX提升
8          1.55e-07   1.4e-07    1.4e-07    9.68%      9.68%
16         2.6e-07    4.1999e-07 3.55e-07   -61.53%    -36.54%
32         9.0998e-07 9.25e-07   9e-07      -1.65%     1.10%
64         3.535e-06  2.715e-06  2.215e-06  23.20%     37.34%
128        1.3475e-05 8.13e-06   6.07e-06   39.67%     54.95%
256        5.263e-05  2.875e-05  1.8385e-05 45.37%     65.07%
512        0.0002118  0.00010981 6.274e-05  48.16%     70.38%
1024       0.00085903 0.00044565 0.00028636 48.12%     66.66%